1  2       
2  3       
2  4       
3  5       
4  5       
5  6       
4  7       
6  7       
7  8       
3  4       
4  6       
9  10      
10   11
10   12
11   13
12   13
13   14
12   15
14   15
15   16
11   12
12   14
17   18    
18   19
18   20
19   21
20   21
21   22
20   23
22   23
23   24
19   20
20   22  
25   26
26   27
26   28
27   29
28   29
29   30
28   31
30   31
31   32
27   28
28   30
33   34  
34   35
34   36
35   37
36   37
37   38
36   39
38   39
39   40
35   36
36   38
1  9 
2 10
5 13
7 15
8 16
1 10
8 15
9 17 
10 18
13 21
15 23
16 24
10 17
15 24
17 25  
18 26
21 29
23 31
24 32
24 31
17 26
26 33
31 40
25 33
26 34
29 37
31 39
32 40];