0 0 0
0 1800 0
1452 2175 0
2900 1800 0
2900 2550 0
4348 2175 0
5900 1800 0
5900 0 0
0 0 2000
0 1800 2000
1452 2175 2000
2900 1800 2000
2900 2550 2000
4348 2175 2000
5900 1800 2000
5900 0 2000
0 0 4000
0 1800 4000
1452 2175 4000
2900 1800 4000
2900 2550 4000
4348 2175 4000
5900 1800 4000
5900 0 4000
0 0 6000
0 1800 6000
1452 2175 6000
2900 1800 6000
2900 2550 6000
4348 2175 6000
5900 1800 6000
5900 0 6000
0 0 8000
0 1800 8000
1452 2175 8000
2900 1800 8000
2900 2550 8000
4348 2175 8000
5900 1800 8000
5900 0 8000  